<cluster-id> := <List of tweet ids separated by comma>
1		98,99
2		991
3		9,66
4		84,91
5		78,88
6		62,87
7		31,79
8		15,7
9		21,74
10		85,89
11		64,70
12		86,90
13		43,67
14		6710
15		44,49
16		72,92
17		95,96
18		32,52
19		57,63
20		80,100
21		10020
22		38,97
23		77,93
24		39,58
25		5824



SSE
1 = 0.05261197999999999
2 = 0.07314498
3 = 0.07664997999999999
4 = 0.0960153
5 = 0.10023613999999997
6 = 0.10429488999999999
7 = 0.10635188999999999
8 = 0.12007488999999999
9 = 0.12603339
10 = 0.12640614
11 = 0.14254261999999998
12 = 0.15718661999999994
13 = 0.19700461999999996
14 = 0.21186279999999996
15 = 0.22174697999999998
16 = 0.23361125999999996
17 = 0.25163325999999997
18 = 0.26167882
19 = 0.28243186000000003
20 = 0.31659338
21 = 0.88979338
22 = 0.9004548499999999
23 = 0.9190307699999999
24 = 0.9230681099999999
25 = 1.0130411099999999
TOTAL-SSE:7.903500019999999